# Number of parameters = 219  Objective function value = 13047.4  Maximum gradient component = 0.00110238
# iEta[1]:
1.42527100000
# iEta[2]:
1.57555200000
# iEta[3]:
1.38528800000
# iEta[4]:
1.37263200000
# iEta[5]:
0.815691800000
# iSig[1]:
0.815039700000
# iSig[2]:
0.628859900000
# iSig[3]:
0.359531600000
# iSig[4]:
1.09146600000
# iSig[5]:
0.0887066200000
# iRho[1]:
0.617751227236
# iRho[2]:
1.54929537857
# iRho[3]:
3.25448426957
# iRho[4]:
5.39599694437
# iRho[5]:
3.22248966943
# aAge1:
 2.25971650231 4.01605322756 5.09060909754
# aFt:
 -0.601686237993 -0.559860158931 -4.28126685031
# dAge1:
 0.934003372593 0.725189559868 1.59452281055 0.597418541061 0.0817950056819 1.01751605087 -0.569007527366 1.50044661368 0.347393193843 1.02340007051 1.07826373846 -0.0504081299042 0.506953640598 0.124291721109 0.452777594501 0.0205503009325 -0.812123410667 -0.469996178918 -0.0888249939313 -0.740268148302 0.134264232601 0.0218754298075 -0.901193491479 -0.124283465546 -1.60613129552 -0.101674419258 -1.92893012324 -0.810690134869 -1.95713055770
 -0.316229385167 -0.449037258699 0.874988529088 0.447147818805 0.0128800105102 -0.539042534822 0.376439973425 1.38366921449 0.553096604345 0.470009916202 0.718490241348 -0.142382293457 -0.390174091703 -0.0540644762421 -0.0839163622058 -0.844404410785 -0.612555764547 -0.640566739775 -0.697176451816 -0.544834315616 -0.306077427453 0.0793557163511 0.430736445868 0.113528272368 0.0936601238736 -0.0690284899303 0.218355347172 0.354860531602 -0.437728743253
 -1.91137045640 -3.14453444033 -2.82218297541 -3.35057241960 -1.02011024422 -0.152795800757 0.835846289889 -0.617305433827 0.0905744775882 0.0942126477223 0.199168361787 0.937847875419 1.60709690705 1.16347800583 -0.0128423743916 1.16975651206 2.12440151828 0.726826872547 0.687696104806 0.437552433934 1.28678707642 0.0935811554732 0.416637499606 1.88199043289 1.73333950983 -0.327326234489 -0.0427888292014 -0.462958412288 -1.62200606019
# dFt:
 -0.365560718076 -0.456809248864 -0.162481743827 -0.116510543197 0.416195818940 0.395564972854 0.272519628388 0.743892000869 0.366683710778 0.373823746887 0.466799465998 0.274719428802 0.517046567392 0.744014297741 0.607645841020 0.735021058581 0.466087804459 -0.270032096685 -0.272862971848 -0.00216437977092 -0.230249297445 -0.0667025756863 -0.286820919322 -0.0377661322172 -0.198428992657 -0.208729573507 -0.836372833893 -1.02455118801 -1.07909140089 -0.764879726813
 0.267485971625 0.181216284817 0.143210891999 0.329028269042 0.208007190118 0.0733432374418 0.437062204109 0.456591442765 0.443965003533 0.0198937414211 -0.0941230676323 0.0208533358383 0.162551818467 0.247870025380 0.350553554792 0.666455748737 0.637813044506 0.576077700937 0.644893988812 0.786228075802 0.925008383092 0.865097254264 0.470581264947 0.0711196469234 -0.918224708346 -1.22264132684 -1.41164053469 -1.62207641212 -1.94791928276 -1.76828274702
 -3.39218088961 -2.22526280631 1.31823729511 -0.396000568343 -3.75308015775 -2.42616508035 -1.20512728177 0.833136076280 -4.15329790300 -3.01998453149 -3.34169873969 -4.20358891333 -0.897386161693 0.754073322585 -3.93684499344 -1.80026405967 -1.22979797542 1.15129596134 1.39699521954 2.89739900250 1.71016707378 2.40670544394 3.74210929675 3.41593633908 3.60751734299 3.24120366985 3.06864084279 3.26362225336 3.17364092196
# FICsel:
 0.583589226830 0.744581504334
 0.296273116239
 0.0426009854655
# agesel:
 0.0267234448306 0.322122606958 0.790510557716
 0.0413398511911 0.407022479308
 0.724155087506
# Yr1:
 3.45430476531 1.54030421375 3.39211157754 2.05269872818 1.16059423576 -0.0121501210665 0.464004649174 -1.91592299900 -1.79797857036 -2.74780468408
 3.76326873864 2.71142940523 2.41518527902 2.63323600662 2.35369081305 0.884614356996
 5.26750713951 3.93714725594 3.46984880211 2.00651402105 1.54276295095 1.52531519194
